25591
11185
10615
13032
16027
15105
9677
10211
31416
30393
10477
627
11289
13841
30630
6013
12439
8681
12030
26912
10705
16772
13943
15175
1021
14954
29618
25024
1885
26426
29531
984
8947
14192
29014
20239
20896
13559
636
19542
1423
15484
26696
12959
24487
4098
10521
17164
27080
5379
10805
10505
5809
2703
21370
32613
31382
12029
26130
19065
12869
3302
12213
11194
29045
3047
26473
6114
32170
2326
17682
10149
30242
5131
17643
2840
26941
3427
13012
7427
5943
8331
16263
6673
18830
3901
8939
10492
2500
29580
28945
31009
20093
29408
11099
4926
28327
12419
17883
24680
15909
26591
24495
25039
24339
11446
8958
12211
15230
26296
10181
25567
3716
12229
30872
10885
16768
22876
6463
9131
7550
30669
17375
19180
16780
8416
36
26182
6697
15196
22709
19948
1972
1250
5687
30762
13002
11289
30111
30933
9327
15939
6450
30821
3675
19062
15201
17936
12849
2473
18499
16799
25945
31407
24932
22797
9256
24161
13150
19051
6655
30220
25611
29991
19668
31968
13147
24752
21846
2047
11287
20997
15209
26222
21214
12547
28131
17504
12280
2311
6391
22574
16443
16497
15452
30217
17455
906
29859
22419
2563
3514
12117
12574
19831
3064
7705
23034
22746
15624
25081
21021
20449
21333
29412
31175
10708
6181
25498
28812
5681
24662
16617
4491
31667
10908
11205
24362
3589
27531
26135
28346
16644
13627
17008
8864
3391
19945
17260
28770
5896
26149
16932
6595
19558
29925
2000
860
18044
17328
22836
3973
16574
29373
1528
19427
8948
26159
1361
16024
816
11084
22972
24150
6188
796
24698
10836
14879
816
18389
19262
2793
14475
3850
15060
7651
23740
20192
1781
31487
7974
5204
32170
330
9060
19567
11188
26631
20838
5490
26590
2154
29413
30561
17683
31738
9109
32037
4929
16606
17589
4286
16011
31268
8226
24342
21194
11883
16292
7275
10544
31306
11255
14994
843
7766
9872
18801
17503
18706
17108
14446
29451
6293
2278
10119
31913
15262
8696
14093
27082
15987
23625
24682
14246
28310
10781
16473
28191
27145
5281
15763
5967
24170
12916
1757
10400
31328
4270
23443
7348
30349
29921
9715
21767
30974
20885
10383
29745
25092
8678
7423
22133
12271
13541
10127
12293
19082
25056
11327
28630
26667
24548
27439
4390
27101
4285
2116
30310
21074
24234
16258
20424
31777
23047
11270
12106
30273
28562
6305
15064
7550
9462
22297
11888
554
9370
3578
4475
22583
1485
29142
16186
31853
13474
10792
5807
21080
24179
16915
24040
16195
27938
9309
10718
30601
17703
25279
14916
10258
12909
30482
20120
17827
25635
29876
30362
13609
23130
2158
15081
12606
16546
1966
10905
6809
9495
5300
26648
30820
24449
23762
2924
24129
6196
24246
9894
5208
9608
27501
3942
4241
13365
2988
18046
16610
31937
9083
30267
20261
18309
7774
22137
21095
24017
23651
16817
23327
510
21632
29907
27500
706
115
19840
21607
7970
13668
29421
14650
20040
25388
14971
30271
5927
1077
14650
22523
14949
4832
25681
19426
1265
30052
15628
29566
21362
9202
16352
16634
5595
22620
2390
4202
30054
7052
25358
20818
13316
17082
24557
9452
15557
27965
3240
7924
6251
21384
27402
13809
26869
6948
7953
12307
30328
27547
19625
25056
1331
17553
11235
13471
2062
30688
520
19544
1508
585
27184
27001
25014
8582
29405
8064
11106
9669
20406
19344
346
20713
17137
22598
13569
724
24613
16030
17655
20736
23588
6662
18436
20535
15464
5554
30072
8869
6462
27239
32428
16360
13627
18638
7841
14401
25222
18744
19081
20609
62
9883
23668
16527
28893
5632
22975
11037
1572
7103
20821
4408
7610
26676
1530
20860
16554
5267
30665
11168
4887
15814
16405
11806
15606
16577
11529
8078
9376
1804
21404
32740
16648
32701
26668
26952
2762
22803
12142
20065
11670
23744
29157
22883
21186
13370
6152
17738
12479
15327
27380
21678
19946
10290
10427
26863
8446
20378
27544
16562
19572
9202
25994
30814
23940
12996
6326
23359
23113
19711
3756
23086
23516
7987
7210
25412
3349
4028
19602
30465
31442
26759
14704
7419
23205
2261
1494
4874
9723
32082
32682
20029
30026
26051
29748
28475
27059
6165
8058
21858
7681
11404
17595
4349
14182
21562
31958
27169
19296
23541
11639
24839
7336
24194
29178
19374
12038
24036
18707
24462
15854
20084
30436
21493
10085
16596
30585
9978
27434
8233
4255
18967
16187
20180
27055
3150
10985
2915
29969
30227
19450
28749
21842
3875
24586
8851
5233
14385
10726
24875
26497
30767
7641
24652
2873
6214
13812
19228
5743
17243
9280
32527
25088
18297
32541
26679
27350
15254
4277
1794
8731
10595
23311
20826
364
866
10587
170
13576
32357
24377
27147
17463
6051
24675
13667
18973
29209
16307
27435
1365
17278
2857
31327
28022
3747
1215
2330
16623
19798
8521
14245
5811
7434
28766
1961
2412
24174
13813
8724
6789
23320
3458
9283
3202
7089
21767
8970
2483
8202
29175
29545
10842
20587
18127
10859
11081
17366
20705
1204
11593
12488
4898
22944
23085
10959
25155
22456
11167
7462
693
23724
20914
31373
31431
28393
16313
29519
31834
22659
24152
13842
17632
14216
17653
21071
5926
30992
17264
26323
13406
22582
29892
16461
4156
12205
104
17124
31280
16812
12073
3420
6198
20891
16973
16538
2653
22944
15893
3438
4184
11408
11894
10638
32104
21546
13706
8166
14915
23557
850
30380
25252
5032
27093
23815
12446
744
16839
6632
3481
324
16141
12510
19622
16519
6644
3913
18294
10605
14157
6084
7454
17395
27577
19652
4103
32766
14529
27476
4747
3354
24398
24795
2690
31698
11172
24223
6671
22363
10007
15555
12418
9852
4011
17325
13452
1225
20583
11639
8082
24995
23612
6301
3167
17783
31611
9076
9244
14407
17571
31346
15164
8618
6364
23486
22175
11446
16485
21354
21535
1325
21119
19939
16755
5269
15787
16259
22485
32046
8366
28056
22390
19923
18032
6002
26489
15987
17954
13536
22346
5926
14408
8792
10657
29466
14659
25193
22013
29258
9943
26165
8223
31353
20269
24898
25140
3722
14855
75
28025
13511
4154
28153
25392
13792
13280
9531
18930
21412
16074
26643
20448
29609
26188
16355
7499
29871
21343
14331
29191
22263
28287
26650
24392
31855
13468
11865
31858
2997
16917
30196
18822
16651
29431
21043
1978
30355
18418
5509
599
10429
23081
21879
22881
8133
13923
1091
20854
3612
802
13997
27409
7354
25118
16763
15199
1288
13827
22826
14312
26068
483
9682
26440
13829
7772
14588
31983
18188
1623
31259
17709
31588
13227
2699
25432
12778
13964
6051
13523
17682
25579
18120
6078
16442
1440
11374
31847
1330
30748
14784
31919
6586
32447
19904
15232
4766
12745
9197
14506
28505
22887
19568
21654
20455
19808
16610
19950
6499
26754
28650
11362
18743
469
18070
20081
18543
28084
20231
20857
11411
2044
12720
23900
4761
4401
20811
22255
8395
4604
30384
7307
11886
23364
6342
19856
5995
18793
28299
9113
9548
31045
19204
14522
15516
12418
10488
11968
20036
31810
5032
9513
3567
6746
8848
30546
30058
26605
23242
29422
19615
22463
859
31862
5520
26502
16829
31377
1086
27368
21758
30268
25334
2579
16218
1834
14233
9730
12348
8790
2894
21316
20687
16104
11717
13674
9344
17899
31322
3392
3755
6422
13192
29113
4728
30456
3560
28116
27352
5907
31369
24864
32134
7746
13666
404
4482
784
9343
13970
30499
678
12568
4273
3514
9236
4247
25404
32132
2864
2554
23375
17521
849
23544
2616
28419
25016
26677
6198
25319
13680
29761
16547
15312
25068
18471
3279
22807
15443
2354
26473
778
11357
18277
10475
30961
29415
21922
18909
32467
30362
9280
4265
2892
12993
11172
25387
28352
19340
26556
27361
29598
13028
25656
23123
697
3494
13174
26700
7313
10049
24247
28024
963
13314
11381
15953
25553
25864
3125
4030
32098
16535
21494
4870
20228
25236
6293
30008
8750
15957
18880
24395
6235
29318
6638
21948
8578
5025
20203
9208
27762
11977
10706
24639
8679
19341
31223
10341
4208
19093
6018
17961
31005
30836
23041
25875
6545
13995
27193
25100
6184
25083
31138
11914
5212
29670
11066
27828
17547
16969
17774
29864
15566
7917
23231
4977
15023
11744
27456
6788
5218
9177
32320
14780
31455
12575
10593
1089
10702
7766
1919
11996
393
3073
178
1817
5804
26114
32483
6069
932
109
6596
22819
24959
20030
26285
29309
14973
26811
19147
26706
390
13539
32258
23495
2655
2201
28309
24228
8853
11016
12830
5103
21380
19065
28330
22877
25889
419
30930
15433
10941
22361
4468
1936
28939
10739
15319
26107
18562
407
18212
9301
10090
28532
32380
1082
8684
3184
12006
11551
24479
9964
12352
20618
2460
20456
30956
3851
17107
8281
10059
350
26467
3542
20760
30434
20031
25403
4482
9378
8450
3524
4707
18347
28371
22109
29960
26363
23446
29397
20352
31375
413
17949
8034
28064
31641
9464
3399
10649
18485
16630
12847
10537
28281
5823
5518
5532
4767
11944
18990
4887
28688
27065
25427
21075
19872
31954
16442
3885
10388
30971
14371
24693
2675
3642
4483
23595
11391
9778
30472
16582
32551
8855
30583
12548
8683
19279
9689
31926
17190
7359
29411
22466
15558
17913
2325
20793
26240
24302
31044
29721
26225
24692
11315
22075
20268
13126
31404
8855
6218
6826
30347
11004
17593
19897
22526
19666
13312
4043
16754
19870
6184
26067
30165
19463
20092
19699
29295
28373
30912
15313
32124
21914
15567
21785
12524
18657
15585
2031
20949
30202
7305
420
1024
4812
7891
28711
27135
13645
21377
2499
11152
4653
12166
31554
27675
15823
24844
31159
8869
28331
19362
28166
21809
9403
20603
27862
28252
17597
27856
5993
20593
28461
2764
9678
29741
7095
2455
28617
12406
29312
32548
2977
9891
8692
1504
7850
28947
596
29964
21362
19149
32502
32339
4903
10109
17867
22662
24499
12534
16015
14224
23892
27708
31693
17446
9845
2986
6682
3059
5594
1281
2886
2958
17231
5135
8374
22316
8968
5908
10983
13071
17470
27552
20575
10921
9973
14202
21096
5741
8152
17955
16404
6261
17641
30597
6664
22455
3914
4652
5750
32425
6095
19918
15039
14768
21537
13641
16206
22574
15712
5577
29803
31875
663
28403
16492
28809
374
28274
4254
1519
3658
2396
29748
2811
3950
28432
376
18539
5671
18762
1062
32060
20581
18272
6242
166
11267
10141
23874
11906
8437
22931
20479
26526
9900
2697
32369
14728
25265
10282
9182
12835
7410
31934
19341
16367
13276
19509
27111
31547
32481
22226
27047
17200
25189
27139
22688
4291
12667
16132
6064
22724
5336
548
2153
2642
30955
2408
5122
20183
16891
19640
10933
1603
32238
5584
29356
30881
2215
10283
26972
20801
17279
5671
14490
14994
16756
24282
32352
23583
29344
19003
31085
32304
989
4073
32170
19547
10810
9
6469
3075
23841
4267
2753
7444
14527
22968
18574
2395
16555
23311
26737
10169
27930
16968
27990
2464
7366
17973
9907
21895
27868
3536
25133
11495
6690
13673
15458
23802
19013
32440
24162
251
25478
17586
29823
32524
23776
27141
15845
17316
2571
3615
9930
7881
19766
20280
31867
27742
20947
7223
7739
5908
17052
31695
3683
11117
13810
15432
1350
24962
31108
21852
27024
23454
20401
6433
14095
10547
21726
1458
17664
17320
14210
19108
22916
23937
11210
1100
6383
8485
11067
6329
20139
11317
29244
95
7615
3026
31799
20514
16429
5078
6325
4235
14859
17957
14530
7878
24286
15597
23742
20557
31434
12844
17062
12923
11547
7852
7688
32420
30733
29091
21183
28827
22472
25117
10894
5783
24722
9376
24921
16328
11633
31720
4554
29208
9263
3972
4329
11377
26887
1439
20793
24082
10504
27779
16001
535
1283
20513
16661
1927
18450
24971
18995
28975
2930
20351
20689
4302
26323
14353
29240
7935
8562
31901
7243
27432
12846
1063
5818
31406
3299
12593
3389
9821
10502
15623
7529
24824
29229
20809
2918
15342
2670
11677
7714
6345
29821
26137
5016
32531
9834
29747
20569
7909
13274
18002
23479
15944
8813
9733
18669
23142
4552
24905
7176
10911
7421
15941
26368
9598
26596
1752
5508
21326
8190
25580
4574
24568
9409
22377
26139
17519
2224
27141
16219
30966
1158
1160
13901
27033
32234
14433
10048
14009
32496
30144
17709
6275
1944
11540
2541
9142
11747
14436
5860
2476
15442
30936
29896
10682
4577
32174
18931
3928
29362
7906
20798
23889
23487
163
8323
21829
2169
4909
23207
31875
6492
15600
309
28377
27699
18810
5388
16362
21531
4645
10757
24362
32222
11675
21525
1097
16711
6640
28052
9005
18505
9597
27842
5278
29444
28338
9095
32199
29863
25841
204
15508
31607
14468
2806
5126
16298
8775
15972
15438
14230
12284
28546
26837
12111
24175
14989
21673
29272
14517
30854
3570
31154
9471
3904
21764
354
1926
29378
22310
31736
7255
24225
1002
7200
16130
30558
8136
14346
28951
12940
10847
15770
23748
9882
15616
1307
26570
31467
14755
22859
30032
3665
26771
6295
22521
8716
18914
26751
14061
17723
24380
18703
28969
9711
6959
11747
5349
19986
21395
7931
8585
19928
15425
27994
26753
12296
10654
2711
5974
17384
18287
22475
30204
2800
29514
24628
32276
4373
31772
9967
14740
5021
13406
15376
31825
10766
15850
22169
32216
21222
29511
2143
31862
9629
7394
19450
241
5352
16190
31896
17469
20090
15840
30336
4597
4344
13919
25471
9500
5894
15617
9607
396
12182
7881
29466
21380
17921
1923
4884
525
31158
3515
1330
3283
28298
29744
26923
5574
17828
24951
14606
19685
24425
3517
26691
7297
23207
11128
3266
21852
22343
5872
18046
8769
15723
21182
19516
15376
10110
7429
5540
3024
13221
4893
30912
25201
27488
6387
20817
13066
16240
9147
16561
30956
12226
11009
1190
16578
20851
7166
25134
10075
29296
4821
2276
14613
22837
9173
20924
29268
4839
18505
943
22156
31500
27878
645
20735
21970
52
30920
160
13008
29969
4977
24213
26065
239
29247
7494
24681
3185
27643
2076
19082
20231
30818
6818
24989
7714
7672
609
7280
22929
12204
650
8659
16760
15908
32239
32721
6937
23716
20093
25199
20695
19104
25142
657
15894
3503
29698
4133
19879
25860
29798
11275
21572
21763
4277
20599
25567
28252
3831
12388
4292
3687
21199
6695
4621
28477
2248
27514
8951
9874
30519
29771
15369
20486
5998
12192
3198
32203
18415
25680
30512
28902
24458
22288
21797
26942
1955
20659
25127
22881
5386
31875
13108
12274
31310
8961
14208
19460
24926
20990
4778
13890
19139
29911
31144
11199
7004
6072
31386
27724
31953
22193
31465
2480
18694
8108
32708
4629
3383
17963
20352
15057
5183
14907
25534
25174
21857
24581
4745
17095
8194
18472
24738
26375
3626
10525
20837
14649
12506
21708
26669
12635
19784
6616
19600
31250
12542
360
3964
31429
19951
11105
25358
16798
5887
19427
5332
10554
519
29268
28481
7120
381
11770
22718
28681
32025
31904
18959
6558
19534
24347
5991
15340
58
15145
9886
9304
13126
21254
20282
15610
23785
22668
9592
12484
22931
24142
5014
18481
31379
1883
15728
20671
26874
22191
27026
18894
4686
27810
24039
4977
19550
6675
13627
7895
10603
8057
15498
20968
14793
19305
20744
1834
11991
17006
18882
22502
12577
24210
454
29249
16915
10705
14407
8786
28507
22942
29414
27905
17469
22216
12148
2344
27360
12932
15813
30268
9855
8486
5292
9694
16033
10841
31219
5490
26990
18001
29989
20955
17322
3518
394
6081
6007
32727
4437
15169
12321
25257
20600
10641
6747
19690
27105
7338
1026
17473
28263
19444
17394
17061
11243
21660
31861
18793
957
4486
29319
30912
19966
26753
7777
32113
11027
13229
16871
27608
11327
24937
15759
27992
10941
6764
24872
22598
9216
1141
13106
6753
26075
20719
28262
10522
25060
20372
32299
18571
17798
9545
18210
26060
4094
29341
16925
3148
25207
5882
8160
18793
8385
24498
11417
12562
12722
12414
2040
25707
7338
9014
7179
5093
18392
10393
7544
25822
17231
12313
27544
21772
30496
14063
13674
15103
4329
1422
15826
13762
31550
4473
28900
27163
28718
8530
17243
31248
12683
14278
6872
30292
32505
3001
20033
14579
23204
12867
20525
17004
1280
32476
19618
22171
17814
27273
31136
1655
4943
10080
17579
26731
1205
31600
10981
6245
22888
12885
21295
4515
1426
21080
5380
17193
8884
8659
539
19625
10159
2056
9123
9681
820
14784
726
15001
30977
26088
20185
31913
6951
18828
24161
10120
5187
31314
2946
24714
503
3527
3270
28179
32329
20282
8960
19437
15468
29275
28535
20571
30968
16888
4466
13732
8507
17811
4012
850
17773
12530
24574
13341
23163
8418
1525
32719
4547
7269
17159
27669
11885
18232
23863
684
28151
18407
12212
12697
7942
22605
8135
1658
16198
9740
18963
3581
2755
24274
3809
14787
4524
6284
7006
15044
28115
28391
29362
16617
16322
2132
26755
32329
19339
22335
15115
14247
22933
30716
20957
15499
20818
21268
23887
8900
25085
32487
7826
26886
20871
8814
25434
25614
28962
28970
30990
10076
8263
27668
22920
18898
26556
25733
7321
6269
27077
7853
22956
3833
8745
18883
10882
28731
14544
16454
26922
15373
19347
12697
29275
16283
17131
23070
15663
3173
25328
17779
6211
17807
17562
15877
4756
17319
25337
25281
22561
1236
3689
22240
2458
2168
18387
24707
6925
19458
29747
19723
10040
10418
30065
11171
28029
27829
31875
9403
22482
17490
9640
11677
2900
26198
15022
25709
31376
3634
12967
31077
31655
4369
15011
14179
28365
20015
7498
20232
30114
6465
14824
31433
22092
21222
22941
2940
14601
13079
26329
26730
14129
27370
2039
32259
11641
4497
25408
528
20154
7580
31679
30038
31397
3511
22950
20434
23093
3439
10139
20505
25932
8695
8098
29257
17213
18074
4632
5130
8965
28099
8381
21876
13799
32476
17042
26004
243
3825
20889
28876
10721
9928
7211
8526
554
22020
25784
16938
32098
26888
5069
23652
15683
9295
7795
9248
24841
20461
1107
19440
10091
24438
16539
24228
3269
9019
29885
15790
22079
912
14921
3058
4989
14831
640
3706
5668
25545
25515
2649
20080
31629
6453
3469
12856
25627
6104
22802
8373
27337
25628
12351
363
22784
20214
16139
26706
22212
31490
10004
5446
6772
16436
32621
9183
14231
22646
14304
25865
16459
26924
18254
2902
23412
16556
32521
13755
6969
12892
7295
19103
7685
17614
19876
19818
27230
23253
13029
9698
17130
13532
31028
7286
27386
9929
32246
4383
28069
2624
28922
4124
7868
11711
3725
12927
30451
7271
20166
394
11361
26829
24123
28681
14196
18847
5445
28179
29853
22377
21183
6028
20823
27630
2231
2890
9807
11479
27148
22727
3184
8605
15021
3090
328
1804
8051
11317
16084
14448
1707
25149
8339
2883
6665
9630
28983
31123
18456
15464
32541
3974
18099
